22 49 20 61 6d 20 6e 65 69 74 68 65 72 20 73 65 65 6e 20 6e
6f 72 20 68 65 61 72 64 2c 20 79 65 74 20 49 20 61 6d 20 65
76 65 72 79 77 68 65 72 65 2e 20 54 68 6f 73 65 20 77 68 6f
20 73 65 65 6b 20 74 6f 20 75 6e 64 65 72 73 74 61 6e 64 20
6d 65 20 6e 65 76 65 72 20 74 72 75 6c 79 20 64 6f 2e 20 4b
6e 6f 77 6c 65 64 67 65 20 69 73 20 6d 79 20 77 65 61 70 6f
6e 2c 20 73 65 63 72 65 63 79 20 6d 79 20 61 6c 6c 79 2e 20
49 20 64 6f 20 6e 6f 74 20 72 65 76 65 61 6c 20 6d 79 73 65
6c 66 20 74 6f 20 74 68 65 20 75 6e 77 6f 72 74 68 79 2c 20
61 6e 64 20 6d 79 20 69 6e 66 6c 75 65 6e 63 65 20 69 73 20
66 65 6c 74 20 69 6e 20 73 69 6c 65 6e 63 65 2e 20 53 6f 6d
65 20 73 61 79 20 49 20 63 6f 6e 74 72 6f 6c 20 74 68 65 20
67 61 6d 65 2c 20 6f 74 68 65 72 73 20 63 6c 61 69 6d 20 49
20 61 6d 20 74 68 65 20 67 61 6d 65 2e 20 42 75 74 20 49 20
61 6d 20 6e 65 69 74 68 65 72 3b 20 49 20 61 6d 20 74 68 65
20 6f 6e 65 20 77 68 6f 20 77 61 74 63 68 65 73 20 69 74 20 
61 6c 6c 2e 22
